0.000000000000e+00 0.000000000000e+00 6.176105054000e+00 -8.566146029000e+00 8.499682316000e+00 -7.972137185000e+00 6.522478573000e+00 -8.513277933000e+00 8.779550113000e+00 2.319357422000e+00 -8.666369860000e-01 -8.063364824000e+00 -2.859505092000e+00 4.528584781000e+00 2.490251311000e+00
-8.193092436000e-01 -6.666116912000e+00 -9.584721589000e+00 8.511712157000e+00 -6.556240212000e+00 -6.244080561000e+00 -9.073387781000e+00 -4.209786948000e+00 9.984517777000e-01 3.738702289000e+00 9.901791802000e+00 6.842397474000e+00 -6.791987513000e+00 1.409739280000e+00 -4.893459420000e+00
4.452894327000e+00 2.159576756000e+00 3.810621517000e+00 7.090826522000e+00 -7.383771457000e+00 -3.692129099000e+00 -7.741735119000e+00 9.663848479000e+00 7.640619903000e+00 -3.061034810000e+00 -7.484804840000e+00 0.000000000000e+00 0.000000000000e+00 0.000000000000e+00 -4.102287196000e+00
0.000000000000e+00 -6.133816903000e+00 8.429015418000e+00 -4.467875779000e+00 -3.746254040000e+00 0.000000000000e+00 2.248108552000e+00 9.574515424000e+00 0.000000000000e+00 4.990082189000e+00 -2.805396730000e+00 -1.471522738000e+00 3.303929544000e+00 -8.719514337000e+00 -1.844948784000e+00
1.154357845000e+00 -8.403128185000e+00 0.000000000000e+00 5.473555182000e+00 0.000000000000e+00 -4.496430138000e+00 -9.846943250000e-01 -1.144673750000e+00 -4.890079038000e+00 7.835326829000e+00 0.000000000000e+00 -9.645426537000e+00 6.186869796000e+00 8.672425795000e+00 0.000000000000e+00
-6.085251763000e+00 8.933547806000e+00 3.852916377000e+00 9.436139815000e-01 5.899804538000e+00 8.323262943000e-02 9.643073390000e-01 -9.114103101000e+00 4.595973490000e+00 0.000000000000e+00 0.000000000000e+00 -6.396854652000e+00 0.000000000000e+00 -4.643529674000e+00 0.000000000000e+00
-7.924470451000e+00 0.000000000000e+00 -5.985605887000e-01 -7.412170116000e+00 0.000000000000e+00 -6.224976706000e+00 7.369928891000e+00 9.294468468000e+00 7.022282330000e+00 5.972476271000e-01 -5.819738953000e-01 0.000000000000e+00 -4.759924961000e+00 -6.819212092000e+00 3.460822112000e+00
-5.133486040000e+00 1.613413263000e+00 0.000000000000e+00 0.000000000000e+00 -8.654713493000e+00 0.000000000000e+00 3.827132458000e+00 -7.191665118000e+00 0.000000000000e+00 0.000000000000e+00 4.529031644000e+00 -5.749295299000e+00 9.001776887000e+00 -1.877869989000e+00 8.127138244000e+00
-6.783467284000e+00 2.534601988000e+00 0.000000000000e+00 -2.867588300000e+00 0.000000000000e+00 0.000000000000e+00 0.000000000000e+00 -1.687202523000e+00 -1.979431864000e+00 3.099012308000e-01 2.114204688000e+00 7.543993126000e+00 1.980474858000e+00 3.090307973000e+00 3.421570742000e+00
-8.035531042000e+00 0.000000000000e+00 0.000000000000e+00 -6.920945959000e+00 6.028245924000e+00 -6.501657920000e+00 -3.583543249000e-01 -7.389753152000e+00 9.182767546000e+00 4.561957515000e+00 -6.538996170000e+00 -8.738336958000e+00 3.668015303000e+00 0.000000000000e+00 -6.423825189000e+00
4.470292409000e+00 0.000000000000e+00 4.820497099000e+00 0.000000000000e+00 -1.206087389000e+00 0.000000000000e+00 0.000000000000e+00 0.000000000000e+00 0.000000000000e+00 -6.708870386000e+00 0.000000000000e+00 9.456897353000e+00 7.592669784000e+00 3.013766445000e+00 2.801182270000e+00
-2.908773083000e+00 0.000000000000e+00 2.477880017000e+00 -9.497794729000e+00 0.000000000000e+00 7.660280459000e+00 -5.436895076000e+00 -3.977319784000e+00 -2.025622817000e+00 5.588480145000e-01 0.000000000000e+00 0.000000000000e+00 -2.054943538000e-01 -3.616300044000e+00 0.000000000000e+00
-5.703481595000e+00 -8.757168510000e+00 0.000000000000e+00 -7.342277960000e+00 -8.641863569000e+00 -8.747568715000e+00 -3.197990684000e+00 -1.073886655000e+00 -3.415828956000e+00 0.000000000000e+00 6.853608244000e+00 0.000000000000e+00 0.000000000000e+00 0.000000000000e+00 0.000000000000e+00
-5.528181252000e+00 5.489660467000e+00 -7.856103232000e-01 -9.870513814000e+00 0.000000000000e+00 0.000000000000e+00 0.000000000000e+00 2.406905858000e-01 6.524868492000e+00 8.751132169000e+00 -9.522421362000e+00 2.548069883000e+00 2.437945549000e+00 0.000000000000e+00 6.573287643000e+00
