17 
 216 
   0    0   -9.593208474e+00 
   0    1   -4.497796692e+00 
   0    2    2.410325486e+00 
   0    3    9.085241276e+00 
   0    4    8.419817345e+00 
   0    5   -5.157877356e+00 
   0    6    4.872314236e+00 
   0    7   -2.784235129e+00 
   0    8   -3.729871831e+00 
   0    9   -5.369433714e-01 
   0   10   -8.659788828e+00 
   0   11   -8.898684472e+00 
   0   12   -9.459090611e+00 
   0   13    3.833284550e+00 
   0   14   -5.508229612e+00 
   0   15    9.916902586e+00 
   0   16   -1.156081463e+00 
   1    0   -5.743096355e+00 
   1    1   -6.184876596e+00 
   1    2   -4.627709822e+00 
   1    3    5.686403265e-01 
   1    4    8.687578865e+00 
   1    5    6.081625406e+00 
   1    6    4.415020856e+00 
   1    7    9.713314781e+00 
   1    8    6.603643129e+00 
   1    9    1.522596290e+00 
   1   10   -5.073354122e+00 
   1   11   -7.962932077e+00 
   1   12   -5.983409558e+00 
   1   13   -8.128197212e+00 
   1   14    8.319399168e+00 
   1   15   -3.965518454e+00 
   1   16    3.283932017e-01 
   2    0   -6.335579000e+00 
   2    1   -7.119730326e+00 
   2    2    9.597686387e+00 
   2    3   -3.984080762e+00 
   2    7   -2.742250174e+00 
   2    8   -1.646581081e+00 
   2    9   -2.209041978e+00 
   2   10   -5.831834290e+00 
   2   11   -5.447495756e+00 
   2   12   -5.332639690e+00 
   2   13    3.615515642e+00 
   2   14    7.140517605e+00 
   2   15    2.855675210e+00 
   2   16    1.532151672e+00 
   3    0   -7.281437909e+00 
   3    1   -5.499168560e+00 
   3    2   -2.943885831e+00 
   3    4   -3.163370785e+00 
   3    6   -9.584532149e-01 
   3    7    6.346130758e+00 
   3    8   -3.967237689e-01 
   3   10   -2.306196057e+00 
   3   13   -5.746916419e+00 
   4    1    1.923261026e+00 
   4    2   -5.439543633e+00 
   4    3   -6.009965775e+00 
   4    4    5.206803312e+00 
   4    5   -4.515418103e+00 
   4    6    9.713161290e-01 
   4    7   -4.480273788e-01 
   4    8   -5.514775585e-01 
   4    9   -1.446969262e+00 
   4   10   -9.770144258e+00 
   4   11   -7.250031190e+00 
   4   12    2.426800118e+00 
   4   13   -9.198907760e+00 
   4   14   -4.337402015e+00 
   4   15    6.766708332e-01 
   4   16    3.270093670e-01 
   5    0    6.450647167e+00 
   5    1    7.924075228e+00 
   5    2    7.811010244e+00 
   5    3    4.064404554e+00 
   5    6   -9.150792987e+00 
   5    7    5.173084280e+00 
   5    8   -8.879410632e+00 
   5    9    7.246286904e+00 
   5   10    1.492747152e+00 
   5   11    7.507365566e+00 
   5   12   -6.752803084e+00 
   5   13   -1.137128642e+00 
   5   14   -1.306326712e+00 
   5   15   -7.493715498e+00 
   5   16   -3.829801798e-01 
   6    1    2.566981510e+00 
   6    2   -8.219988953e+00 
   6    4   -9.448594957e+00 
   6    5   -4.964772573e+00 
   6    6   -7.060888453e+00 
   6    9    2.541329306e-01 
   6   10   -9.421710669e+00 
   6   11    1.670344952e+00 
   6   12    1.798277983e+00 
   7    1   -7.161602327e+00 
   7    3   -4.900851683e+00 
   7    4    4.040803316e+00 
   7    5    9.325963445e+00 
   7    6    3.253076049e+00 
   7    7    1.573343134e-01 
   7    8   -9.219127913e+00 
   7    9    2.829634199e-01 
   7   10    9.942220647e+00 
   7   11    6.843812407e+00 
   7   13   -3.897990426e+00 
   7   14    7.402007733e-01 
   7   15   -6.593763700e+00 
   7   16   -7.414327256e+00 
   8    1   -8.403939854e+00 
   8    3    9.610029104e+00 
   8    4    8.229027195e+00 
   8    7   -4.975299540e+00 
   8    8   -9.263377386e+00 
   8    9   -2.349509197e+00 
   8   10   -3.029725119e+00 
   8   15   -6.941049152e+00 
   9    1    9.750540278e+00 
   9    2    8.651109286e+00 
   9    4    2.990000730e+00 
   9    5    4.426236771e-01 
   9    6   -7.941985279e+00 
   9    7   -6.670854579e-01 
   9    9    9.457369272e+00 
   9   10    6.484070062e+00 
   9   16    6.529320853e+00 
  10    1   -7.599935417e+00 
  10    4   -6.563659758e+00 
  10    5   -6.689412176e+00 
  10    8   -7.216689882e+00 
  10    9   -3.281528652e+00 
  10   10   -8.958183306e+00 
  10   11   -5.426941071e+00 
  10   13    8.821891260e-02 
  10   14   -8.033817845e+00 
  11    3    3.294734963e+00 
  11    4    3.032855446e+00 
  11    5   -8.229587134e+00 
  11    6    9.642439935e-02 
  11    7    4.379458545e+00 
  11    8   -7.343493404e+00 
  11    9    8.865707191e+00 
  11   10   -1.744729916e+00 
  11   11   -7.759015827e+00 
  11   12    2.596208003e+00 
  11   14   -6.475166567e+00 
  11   15   -2.472021839e+00 
  11   16   -3.206824211e+00 
  12    3   -2.870114806e+00 
  12    4    9.966541436e+00 
  12    6    7.240831759e+00 
  12    7   -4.986195848e-01 
  12    9   -1.983441956e+00 
  12   10    6.266860646e-01 
  12   11   -9.009132559e+00 
  12   12   -6.887566345e+00 
  12   13   -7.604410931e+00 
  12   14   -7.849666581e+00 
  12   15   -2.587918532e+00 
  12   16    3.447680551e+00 
  13    1   -7.580192916e+00 
  13    2   -1.590938508e+00 
  13    3    4.418287226e+00 
  13    6    5.845285202e+00 
  13    8   -3.214882958e+00 
  13   10    1.763587868e+00 
  13   11   -5.618306126e-01 
  13   12   -5.625460971e+00 
  13   13    8.822940645e+00 
  13   14   -5.776885471e+00 
  13   15    7.407900715e+00 
  13   16   -8.306511833e+00 
  14    0   -6.368801224e+00 
  14    2    6.571273752e+00 
  14    4    9.540550169e+00 
  14    5    1.405963153e-01 
  14    6    1.882032847e+00 
  14    7   -1.487701568e+00 
  14    8    7.223226733e-01 
  14    9   -5.775626971e+00 
  14   10   -1.628500129e+00 
  14   11    8.826699835e+00 
  14   12    8.913600155e+00 
  14   14    7.889637873e+00 
  14   16    1.840386694e+00 
  15    2   -9.844955569e+00 
  15    4   -1.414774979e+00 
  15    5    3.125412099e+00 
  15    6   -5.882804763e+00 
  15    8   -3.617896015e+00 
  15   10    4.175968453e+00 
  15   11   -1.877708407e+00 
  15   12   -3.187136304e+00 
  15   13   -6.195757953e+00 
  15   14    2.553077252e+00 
  15   15   -6.741591551e+00 
  15   16    2.483620714e-01 
  16    0   -3.275145460e+00 
  16    1   -3.448069581e-01 
  16    2    4.823467737e+00 
  16    3    3.227938611e+00 
  16    4    2.526350520e+00 
  16    5   -9.827506666e+00 
  16    6   -3.461644558e+00 
  16    7    7.779255337e+00 
  16    8    4.596185192e-01 
  16    9   -5.141775606e+00 
  16   10   -4.622929767e+00 
  16   11   -7.300385347e+00 
  16   12   -6.552252644e+00 
  16   13    8.186963620e+00 
  16   14   -1.418119350e+00 
  16   15   -2.413607133e+00 
  16   16   -8.167764656e+00 
 12 
   0   -9.173804319e-01 
   1    6.335488482e+00 
   3   -5.630528153e+00 
   4   -7.927050848e+00 
   5    1.985073923e+00 
   6   -4.647649603e+00 
   7    8.589732236e+00 
   9    3.807025148e+00 
  10    6.809129608e+00 
  11   -1.731896679e+00 
  14    8.054114022e+00 
  15   -3.423978677e+00 
