16 
 192 
   0    0   -6.631804323e+00 
   0    3   -2.723341734e+00 
   0    5    8.469635631e+00 
   0    6   -3.451161517e+00 
   0    9   -9.254474197e+00 
   0   11    2.329357657e-01 
   0   12   -8.379584530e+00 
   0   13    4.652813815e+00 
   0   14   -3.471808858e+00 
   0   15   -7.009150625e+00 
   1    0    7.252130413e+00 
   1    1   -3.995672433e+00 
   1    2   -4.782555773e+00 
   1    3   -6.189937169e+00 
   1    4   -8.156430390e+00 
   1    5   -6.450584448e+00 
   1    6   -4.338328233e+00 
   1    7   -8.163482291e+00 
   1    9   -7.357647719e+00 
   1   10   -4.448655260e+00 
   1   11    4.598676900e+00 
   1   12   -9.764827845e+00 
   1   13   -3.072083873e+00 
   1   14   -4.243997562e+00 
   1   15   -1.998988020e+00 
   2    0    8.251969521e+00 
   2    1   -2.839890911e+00 
   2    2    9.935458813e+00 
   2    3   -2.828618595e+00 
   2    4    6.115749442e+00 
   2    5    8.932355103e+00 
   2    6   -9.579138484e+00 
   2    7    8.652999604e+00 
   2    8   -5.593535533e+00 
   2    9   -6.866171282e+00 
   2   10    3.025261238e-01 
   2   11    7.088605795e+00 
   2   12    4.389654895e+00 
   2   14    5.485604668e+00 
   3    0   -7.469527742e+00 
   3    1   -3.774182042e+00 
   3    2    5.105111106e+00 
   3    6   -1.441629550e+00 
   3    7    9.679106047e+00 
   3    9   -8.559952492e+00 
   3   10   -7.505251093e-01 
   3   11   -6.942171515e+00 
   3   12    9.485087087e+00 
   3   14   -5.436057503e+00 
   3   15   -1.640497958e+00 
   4    0    3.059510860e+00 
   4    1   -8.304372844e+00 
   4    2   -4.042986097e+00 
   4    3   -4.459271915e+00 
   4    4    4.015049022e-01 
   4    5   -8.192086653e+00 
   4    7    3.179125011e+00 
   4    8    2.424516114e+00 
   4    9    2.346859319e-01 
   4   10   -8.701772036e+00 
   4   11    7.016308698e-01 
   4   12   -8.215777848e+00 
   4   13   -2.561649697e+00 
   4   14   -7.535049981e+00 
   4   15    9.249550218e+00 
   5    0    1.236326762e+00 
   5    1   -3.097352556e-01 
   5    4    3.711501137e+00 
   5    5   -4.082864420e+00 
   5    6    9.519931799e+00 
   5   10   -1.652372959e+00 
   5   11    9.636960985e+00 
   5   12   -2.269931004e-01 
   5   13    8.122646693e+00 
   5   14    3.080061544e+00 
   5   15    6.934445773e+00 
   6    0    4.721550231e-01 
   6    1   -9.673729215e+00 
   6    2   -4.872020626e+00 
   6    3    4.227770783e+00 
   6    4   -9.353845849e+00 
   6    5   -6.304888576e+00 
   6    6    7.566056810e+00 
   6    7   -7.396893104e-01 
   6    8    2.494399163e-01 
   6   11   -8.504473610e-01 
   6   14   -7.949483258e-01 
   7    1    8.268222558e+00 
   7    2   -3.931647194e+00 
   7    4    8.619543126e+00 
   7    5   -8.425664365e+00 
   7    7    4.686925461e+00 
   7    8   -1.399487186e+00 
   7    9   -9.294161597e+00 
   7   10   -4.928982087e+00 
   7   11    8.439793794e-01 
   7   12   -6.607592829e+00 
   7   13    9.621650166e+00 
   7   14   -6.005194386e+00 
   7   15   -3.673058991e+00 
   8    0   -5.652067676e+00 
   8    1    6.108220536e-01 
   8    2   -4.773118850e+00 
   8    3   -7.482263103e+00 
   8    4    8.913093394e+00 
   8    5    9.901173100e-01 
   8   12   -5.755694125e+00 
   8   13    2.700336348e+00 
   8   14    7.449084426e+00 
   9    0   -4.017962584e+00 
   9    1   -7.885767540e+00 
   9    2    4.096464324e+00 
   9    3    9.176801286e+00 
   9    6    4.838654169e-01 
   9    7    2.774275512e+00 
   9    8   -6.352413149e-01 
   9    9    4.297681293e+00 
   9   10   -4.533091444e-01 
  10    0   -2.745747636e+00 
  10    1   -3.199969570e+00 
  10    3    5.852693021e+00 
  10    4    3.086812219e+00 
  10    5    5.585840394e-01 
  10    6   -1.515502375e+00 
  10    7   -3.355061202e+00 
  10    8   -8.009952982e+00 
  10    9   -6.787099251e+00 
  10   10    1.595709619e+00 
  10   11   -5.223488474e+00 
  10   12   -4.004588769e+00 
  10   13   -2.335444559e+00 
  11    0   -6.890943970e-01 
  11    1   -3.517516995e+00 
  11    2    6.952174583e-01 
  11    3    2.046011610e+00 
  11    5    6.126092771e+00 
  11    6   -5.325030382e+00 
  11    7    8.821511650e+00 
  11    8    9.049792947e+00 
  11    9   -9.799756742e+00 
  11   10   -6.539873001e+00 
  11   11    6.723347774e+00 
  11   12   -4.746389121e+00 
  11   13    5.426216258e+00 
  11   14   -6.158445217e-01 
  11   15   -7.026199251e+00 
  12    0    3.105363739e+00 
  12    1    7.946297141e+00 
  12    2    9.426570025e+00 
  12    3    1.188645607e+00 
  12    4    3.150244372e+00 
  12    8    5.717274084e+00 
  12    9    4.564382770e+00 
  12   10    1.191993862e+00 
  12   11    2.802074038e+00 
  12   13   -9.136582671e+00 
  12   14   -7.299838706e+00 
  13    0    9.431601229e+00 
  13    1   -1.115775504e+00 
  13    2    2.989492236e+00 
  13    3   -4.488330601e+00 
  13    4   -3.803415963e+00 
  13    5    1.283449128e+00 
  13    6    4.027105466e+00 
  13   10    7.474525226e+00 
  13   11   -7.092379128e+00 
  13   12   -1.884602354e+00 
  13   13   -4.041868137e+00 
  13   14    9.254012441e+00 
  13   15   -9.273632390e+00 
  14    0   -8.005021828e+00 
  14    1    2.552053256e+00 
  14    2   -8.883641761e+00 
  14    3    4.029943181e+00 
  14    6    7.776308352e+00 
  14    7    5.918941332e+00 
  14    8   -9.256280682e+00 
  14    9   -9.122932865e+00 
  14   10   -8.946978759e+00 
  14   11    7.500639572e+00 
  14   12    1.791667142e-01 
  14   13   -2.402469346e+00 
  14   14    8.689647504e-01 
  14   15   -5.537379913e-01 
  15    2   -5.390581502e+00 
  15    3   -8.500096584e+00 
  15    5    6.526210817e+00 
  15    6    7.628273834e+00 
  15    7   -6.970525988e+00 
  15   10   -7.909003423e+00 
  15   12   -5.851748982e+00 
  15   13   -3.354582553e+00 
 12 
   0    3.877556105e+00 
   2    2.526929595e+00 
   3    5.011638890e+00 
   4   -4.098069497e+00 
   5   -5.528501655e+00 
   8   -9.553204389e+00 
  10    3.756676231e+00 
  11    3.724624777e+00 
  12   -8.749736949e+00 
  13    4.240852508e+00 
  14    7.590544610e+00 
  15    1.037142614e-01 
