17 
 216 
   0    2   -5.045798250e+00 
   0    3   -7.549928551e+00 
   0    4   -4.032820690e+00 
   0    5   -5.215748335e+00 
   0    6    2.402522020e+00 
   0    7    8.031642641e+00 
   0    8    2.864347592e+00 
   0    9    3.850146991e+00 
   0   10    7.762502639e+00 
   0   14    3.397002780e-01 
   0   15    2.704016948e+00 
   0   16    2.812735111e+00 
   1    0   -5.413560777e+00 
   1    1   -1.578894882e+00 
   1    2   -7.874851561e+00 
   1    3   -8.050631510e+00 
   1    4    5.052672734e+00 
   1    5    2.651126373e+00 
   1    6   -8.874693585e+00 
   1    7   -9.186890470e+00 
   1    8   -2.487235569e+00 
   1    9    8.543095609e+00 
   1   14   -7.783521270e+00 
   2    6    3.613699610e+00 
   2    7    2.170393340e+00 
   2    8    5.618098077e+00 
   2   11   -9.044964834e+00 
   2   13   -6.468866215e+00 
   2   14   -9.389122213e+00 
   2   16    2.104553678e+00 
   3    0    7.191220801e+00 
   3    1   -4.635371812e+00 
   3    3   -3.113765521e+00 
   3    4   -5.658348002e+00 
   3    7   -5.003573497e+00 
   3   12   -1.038385936e+00 
   3   13    7.094661799e+00 
   3   14    4.519666617e+00 
   3   15   -2.194925991e+00 
   3   16   -5.136759528e+00 
   4    0   -5.980917788e+00 
   4    1   -3.086071843e+00 
   4    2   -9.809413807e+00 
   4    3   -3.484264181e+00 
   4    4   -4.379700720e+00 
   4    5   -9.967378586e+00 
   4    7    9.953418974e+00 
   4   10   -8.561100174e+00 
   4   12   -7.685573222e+00 
   4   13   -9.271236241e+00 
   4   14   -7.515781523e+00 
   4   15   -1.173246946e+00 
   5    0    5.469617794e+00 
   5    4    5.544208015e+00 
   5    7   -7.441369773e+00 
   5    9   -6.662073702e+00 
   5   11    3.397458249e+00 
   5   12   -1.387823508e+00 
   5   16   -8.104283988e+00 
   6    0    1.368334827e+00 
   6    1    7.134011039e+00 
   6    2    1.389719543e+00 
   6    3    9.594436155e+00 
   6    4   -8.450905448e+00 
   6    5    9.589719277e+00 
   6    6    8.345562475e+00 
   6    7    4.739836457e+00 
   6    8   -8.118177955e+00 
   6    9   -7.585275325e+00 
   6   11   -2.786472201e+00 
   6   12   -1.858680617e+00 
   6   13    4.441742194e+00 
   6   14   -2.497868394e+00 
   6   15    1.808309730e+00 
   6   16   -8.423485787e+00 
   7    0   -1.186447749e+00 
   7    1    1.078139803e+00 
   7    4   -7.606113291e+00 
   7    5    3.815798339e+00 
   7    6    9.543996815e+00 
   7    7    1.493990066e+00 
   7    8    4.107139095e+00 
   7    9    4.337236922e+00 
   7   10    3.045978518e+00 
   7   11    9.444091700e+00 
   7   12    3.913566536e+00 
   7   13    8.345941081e+00 
   7   14   -2.384674108e+00 
   7   15   -4.905808267e+00 
   7   16    4.286080306e+00 
   8    0   -5.363258354e+00 
   8    2   -2.016217441e+00 
   8    3   -7.424231725e+00 
   8    4    2.246830613e-01 
   8    5   -2.045688534e+00 
   8    6    2.343251088e+00 
   8    7   -6.883505338e+00 
   8    8   -3.136503171e+00 
   8    9    6.690738220e+00 
   8   10    6.618099531e+00 
   8   11   -4.811521140e+00 
   8   13    6.256440427e+00 
   8   15    3.305817005e+00 
   8   16   -1.909553927e+00 
   9    0    5.513683948e+00 
   9    1    3.928262954e+00 
   9    2    4.690142633e+00 
   9    3   -4.648267748e+00 
   9    4   -5.605018150e+00 
   9    5   -3.103230452e+00 
   9    6    2.397872521e+00 
   9    7    8.369906140e+00 
   9    8   -9.914054673e+00 
   9    9    1.033784475e+00 
   9   10    3.310347347e-01 
   9   11   -7.731352552e+00 
   9   13   -3.859370900e-01 
   9   14   -6.341965384e+00 
   9   15   -9.311391769e+00 
   9   16   -5.776269998e+00 
  10    0   -2.840230118e+00 
  10    1    6.258373139e+00 
  10    2   -9.017568419e+00 
  10    3   -7.400748321e+00 
  10    4   -6.710843409e+00 
  10    5    7.410850106e+00 
  10    6    1.920409087e-01 
  10    7   -8.400943267e+00 
  10    8    3.993522293e+00 
  10    9   -7.008869793e+00 
  10   10   -8.430865980e+00 
  10   11    1.169740528e+00 
  10   12    9.786457730e+00 
  10   13    1.065448029e+00 
  10   14    7.999312790e+00 
  10   15   -6.793086992e+00 
  10   16   -2.639192356e+00 
  11    0   -1.999009844e+00 
  11    1    2.010425115e+00 
  11    2   -1.499795172e+00 
  11    3    4.883744661e+00 
  11    4    3.544709314e+00 
  11    5    3.206847861e+00 
  11    6   -3.709187332e-01 
  11    7   -3.157451586e+00 
  11    8    2.110339723e-01 
  11    9    1.195222609e+00 
  11   10    7.939132440e+00 
  11   11    2.470934066e+00 
  11   12    9.908226459e+00 
  11   13    5.571236041e+00 
  11   14   -4.030372787e+00 
  11   15    5.673853102e+00 
  12    0    2.126510084e+00 
  12    2   -8.481018572e-01 
  12    3   -8.527094049e+00 
  12    4   -1.006678993e+00 
  12    6   -8.434291960e+00 
  12    7    2.434030937e+00 
  12    8   -8.861574409e+00 
  12    9   -4.665381995e+00 
  12   10    4.181325398e+00 
  12   11    5.510443709e+00 
  12   12   -5.625933392e+00 
  12   13   -1.756161033e+00 
  12   14   -6.903175244e+00 
  12   15   -3.145205890e+00 
  12   16   -5.159630271e+00 
  13    0   -5.237231778e+00 
  13    1   -6.567153916e+00 
  13    2    4.706024495e+00 
  13    3   -1.979574049e+00 
  13    4   -4.090801136e+00 
  13    5    6.514883744e+00 
  13    6    1.780401296e+00 
  13    7   -4.841705601e+00 
  13    8   -4.035427454e+00 
  13    9    6.159230105e+00 
  13   10    9.979891964e+00 
  13   11    5.207045377e+00 
  13   12   -3.976348955e+00 
  13   13   -4.407727750e+00 
  13   14    6.708545942e+00 
  13   15    3.358267036e+00 
  13   16   -8.070834415e+00 
  14    0    9.960354913e+00 
  14    1   -3.013368623e+00 
  14    3   -6.364680029e+00 
  14    4    4.463749826e+00 
  14    7   -8.797925216e-01 
  14    9   -9.385922733e+00 
  14   12   -1.053806601e+00 
  14   13   -6.093507074e+00 
  14   15   -9.001811961e+00 
  15    1    2.956034786e+00 
  15    3   -3.939474110e+00 
  15    4   -5.188287844e+00 
  15    8    5.012349335e+00 
  15    9   -3.735963841e+00 
  15   10   -3.850665945e+00 
  15   11    5.397894041e+00 
  15   12    8.023402106e+00 
  15   13    4.649360467e+00 
  15   14    6.180073145e+00 
  15   16   -6.838670841e+00 
  16    1    5.018624775e+00 
  16    2   -9.553318665e+00 
  16    3   -9.371843571e+00 
  16    9    4.336106863e+00 
  16   10   -4.943579856e-01 
  16   11    4.113637959e+00 
  16   12    3.376825844e+00 
  16   13    5.436398965e+00 
  16   14    9.277844286e-02 
  16   15   -8.556488850e+00 
  16   16    9.156236727e+00 
 12 
   0   -2.327914293e+00 
   1   -9.090093940e+00 
   3   -1.619736092e+00 
   4    6.871927439e+00 
   7   -9.111439354e+00 
   9    8.948971211e+00 
  11    9.614035065e+00 
  12    1.236073841e+00 
  13    9.434576243e+00 
  14   -8.044390396e+00 
  15   -6.354875264e+00 
  16    8.004266231e+00 
