17 
 216 
   0    0    1.972395077e+00 
   0    1   -3.622222632e+00 
   0    2   -1.471912832e+00 
   0    4    9.271500757e-01 
   0    5    1.443384384e+00 
   0    6    5.199767006e+00 
   0    7   -6.114137020e+00 
   0    9   -7.445952702e-03 
   0   11   -3.249390418e-01 
   0   12    2.831510963e+00 
   0   13    3.317366373e+00 
   0   14    8.123609090e+00 
   0   16    2.815305313e+00 
   1    0   -8.283646987e+00 
   1    1   -8.175624187e+00 
   1    2   -2.087717444e+00 
   1    3    3.808298853e+00 
   1    4   -8.546843198e+00 
   1    5   -2.909487220e+00 
   1    6    7.970512695e+00 
   1    7    5.803466340e+00 
   1    8   -8.983499352e+00 
   1    9    4.888007122e+00 
   1   10   -5.437111785e+00 
   1   11   -8.640012819e+00 
   1   12   -3.395611153e+00 
   1   13   -7.120294333e+00 
   1   14   -2.201054357e-01 
   1   15    1.324532811e+00 
   1   16   -1.781761247e+00 
   2    0    3.651712738e-01 
   2    1    6.892203547e+00 
   2    2   -7.460204025e+00 
   2    3   -9.439143473e+00 
   2    4    5.483090179e+00 
   2    5   -1.902278476e+00 
   2    6   -7.493458813e+00 
   2    7   -3.724024088e+00 
   2    8   -8.792246686e+00 
   2    9   -7.720488974e+00 
   2   10   -8.611020950e+00 
   2   11   -8.179297381e+00 
   2   12   -7.636058635e+00 
   2   13    6.226059825e+00 
   2   14    3.627745025e-01 
   2   15    1.632625213e+00 
   2   16    8.907380219e-01 
   3    0   -4.289776957e-02 
   3    1   -2.171777127e+00 
   3    2    1.852907457e+00 
   3    3   -2.612936439e+00 
   3    4   -6.492380093e+00 
   3    5   -6.818576156e+00 
   3    6    9.540310230e+00 
   3    7    6.626384860e+00 
   3    8    7.518129782e+00 
   3    9   -1.083263162e+00 
   3   10    3.638043140e+00 
   3   11    2.531726061e+00 
   3   12    3.792311042e+00 
   3   15    8.302961400e+00 
   3   16   -3.701766295e+00 
   4    0   -6.322570514e+00 
   4    1    8.245570185e+00 
   4    2    9.252091795e+00 
   4    5    8.647312898e-01 
   4   11    2.316169747e+00 
   4   13   -6.262853055e+00 
   4   16    6.808116764e+00 
   5    0   -3.997908469e-01 
   5    1   -8.589979417e+00 
   5    2    7.775712417e+00 
   5    4   -4.739379530e+00 
   5    6   -7.967809237e+00 
   5    8   -9.550825271e+00 
   5   11    7.729564108e+00 
   5   13   -6.143957781e-01 
   5   14   -6.761119650e+00 
   5   15    3.042338798e+00 
   5   16   -4.937280884e+00 
   6    0   -2.552696990e+00 
   6    2    6.178514998e+00 
   6    3    4.851370254e+00 
   6    4    1.604195280e+00 
   6    5   -9.310065369e+00 
   6    6    4.727484960e+00 
   6    7    9.258002514e+00 
   6    8    9.052977916e+00 
   6    9   -4.265361870e+00 
   6   10   -1.000965519e+00 
   6   11   -7.458114152e+00 
   6   12    3.729986710e-01 
   6   14   -2.237383478e+00 
   6   15    9.016553332e+00 
   6   16   -5.984378915e+00 
   7    0    4.600847009e+00 
   7    2   -5.257140772e+00 
   7    3   -5.534862399e+00 
   7    5   -7.161804367e+00 
   7    6    3.793758526e+00 
   7    7   -3.921888667e+00 
   7    8   -2.837761522e+00 
   7    9    4.751234227e+00 
   7   10   -3.670588630e-01 
   7   11    5.058497693e-01 
   7   12    3.366137026e+00 
   7   13   -4.314380280e+00 
   7   14   -8.851074549e+00 
   7   15    1.559423394e-02 
   8    0   -9.451486944e+00 
   8    2    7.101290930e+00 
   8    3   -1.629639496e+00 
   8    4    8.262791433e+00 
   8    5   -7.391528989e+00 
   8    6   -7.669469056e+00 
   8    7   -6.019425327e+00 
   8   14   -4.836570154e+00 
   8   15    6.214313508e+00 
   8   16    7.778019890e+00 
   9    0    1.604253669e+00 
   9    1    9.132624127e-01 
   9    2    6.681115028e+00 
   9    3    9.406122338e+00 
   9    4   -4.804720406e+00 
   9    5    7.958087470e+00 
   9    6    1.228014401e+00 
   9    7   -7.298317626e+00 
   9   12    1.801536011e+00 
   9   14   -8.627355650e+00 
   9   15   -6.739532961e+00 
   9   16   -5.854865657e+00 
  10    0   -9.617029055e+00 
  10    1   -3.682242720e+00 
  10    2    2.534665139e+00 
  10    3   -2.432341821e+00 
  10    4    5.447467022e+00 
  10    5   -1.969493040e+00 
  10    6    4.878769313e-01 
  10    7   -1.620425311e+00 
  10    8   -7.586891000e+00 
  10    9    7.883918897e+00 
  10   10   -8.016879147e+00 
  10   11    5.259997881e+00 
  10   12    8.786433055e+00 
  10   13   -5.935079872e+00 
  10   14   -7.325930402e-01 
  10   15   -2.375605903e+00 
  10   16   -9.993434932e+00 
  11    0    6.320233175e+00 
  11    1   -8.129664168e+00 
  11    3    1.156821958e+00 
  11    4    3.859282002e+00 
  11    5   -9.265304434e+00 
  11    7   -2.429072333e+00 
  11    8    7.672202693e+00 
  11   11   -4.419716067e+00 
  11   12   -7.511609714e+00 
  11   14   -7.156391560e+00 
  11   16   -3.086809835e+00 
  12    0    8.842105313e+00 
  12    1    1.285494016e+00 
  12    2   -8.937982606e+00 
  12    3   -7.244291872e+00 
  12    5    1.920671204e+00 
  12    6    4.466195991e+00 
  12    7   -8.308648818e+00 
  12    8   -1.367568747e+00 
  12    9   -7.287819643e+00 
  12   10   -3.827293257e+00 
  12   11   -7.592572671e+00 
  12   12    7.212792165e+00 
  12   13    7.120553361e+00 
  12   14    1.755149400e+00 
  12   15   -5.786742698e+00 
  12   16    1.229999008e+00 
  13    1    2.752504605e+00 
  13    2    4.294107253e+00 
  13    5   -5.002488794e+00 
  13    7   -8.812418615e-01 
  13    9   -9.602733202e+00 
  13   10   -4.362785064e+00 
  14    2   -9.840467315e+00 
  14    3   -3.197968702e+00 
  14    6   -5.135702553e-01 
  14   10   -6.100594196e+00 
  14   12    2.156847777e+00 
  14   13   -8.713505065e+00 
  14   14    7.694193184e+00 
  14   15   -2.226291269e+00 
  14   16   -7.609787636e-01 
  15    0    2.632734964e+00 
  15    1    4.010670241e+00 
  15    2    2.481060130e+00 
  15    3    8.614907031e+00 
  15    5    9.723036896e+00 
  15    6    3.736581040e+00 
  15    8   -5.819266881e-01 
  15    9    4.616308509e+00 
  15   10    4.931695243e+00 
  15   11   -2.798058482e+00 
  15   13    4.123390793e+00 
  15   15    4.009414005e-01 
  15   16   -3.239017806e+00 
  16    0    3.567861298e+00 
  16    1    8.652175254e+00 
  16    2   -8.849319575e+00 
  16    3   -3.209130597e+00 
  16    4   -9.735391820e+00 
  16    5   -7.811330561e+00 
  16    6   -9.708421646e+00 
  16    9    1.817818012e+00 
  16   10    5.051205145e+00 
  16   11    7.617666452e+00 
  16   13   -4.555190509e-01 
  16   15   -3.728460900e+00 
  16   16   -8.450395046e-01 
 12 
   0    1.222747075e+00 
   1   -5.132913955e+00 
   2   -6.726510490e+00 
   3   -3.945731958e+00 
   4    9.674081202e+00 
   5    4.358291794e+00 
   6   -4.942994307e+00 
   8   -3.077580219e+00 
  13    1.255720135e+00 
  14   -5.112883683e+00 
  15   -1.977984103e+00 
  16   -1.329805965e+00 
