16 
 192 
   0    0   -8.910383474e+00 
   0    1   -1.451970020e+00 
   0    2   -5.279751784e+00 
   0    3   -8.501778828e+00 
   0    5    6.742832665e+00 
   0   10    4.691790805e+00 
   0   12   -2.021854569e-01 
   0   15    9.490060234e+00 
   1    1   -9.188999836e-01 
   1    3    4.624338002e+00 
   1    4   -7.412693367e+00 
   1    5   -3.778531736e+00 
   1    6    2.832660251e+00 
   1    7    8.423382464e+00 
   1    8    9.094040307e+00 
   1   10   -9.734018171e-01 
   1   11   -9.060253107e+00 
   1   12   -5.947207121e+00 
   1   14   -6.953448948e+00 
   2    0   -8.607069513e+00 
   2    1    2.314278812e+00 
   2    2   -7.183178311e+00 
   2    3    6.704429126e+00 
   2    4   -6.703196354e+00 
   2    5   -6.639760755e+00 
   2    6   -1.780316872e+00 
   2    7   -5.266599991e+00 
   2    8    8.947396578e-02 
   2    9   -8.991980284e+00 
   2   10    3.276556292e+00 
   2   11   -2.027098562e+00 
   2   12    5.181776098e+00 
   2   13    9.929065647e+00 
   2   14   -7.932935826e+00 
   2   15    3.201486142e+00 
   3    0    2.141815643e+00 
   3    1    5.374215342e+00 
   3    6    8.320015236e+00 
   3   10    4.103080455e+00 
   3   11    5.430567476e+00 
   3   12   -2.199416215e+00 
   3   14   -9.566322729e+00 
   3   15   -6.471277803e+00 
   4    0   -6.106165815e+00 
   4    1    6.549571528e+00 
   4    2   -2.255796272e+00 
   4    3    5.098041893e+00 
   4    4   -8.113135795e+00 
   4    6    7.661833377e+00 
   4    7   -6.318482063e+00 
   4    8   -6.176062963e+00 
   4    9   -8.733931568e+00 
   4   10   -8.121658076e+00 
   4   12   -5.597066888e+00 
   4   14    3.302487502e+00 
   5    0   -3.500284325e+00 
   5    3   -1.715050838e-01 
   5    5    6.710306752e+00 
   5    6    6.034251043e+00 
   5    7    6.758730970e+00 
   5    8    1.960821810e+00 
   5    9   -4.241591424e+00 
   5   10    9.506766215e+00 
   5   11    4.302580028e+00 
   5   12    3.709306898e+00 
   5   13    5.202195301e+00 
   5   14    7.556472285e+00 
   5   15   -3.614768954e+00 
   6    0   -5.523585330e+00 
   6    1    3.104168715e+00 
   6    2    1.731649210e+00 
   6    3   -9.957928654e+00 
   6    4    4.869962373e+00 
   6    5   -4.688228392e+00 
   6    6   -5.224048355e+00 
   6    7    5.990147036e+00 
   6    8   -1.054372138e-01 
   6    9    1.019575201e+00 
   6   10    6.540298516e+00 
   6   13    6.993448350e+00 
   6   15    5.221827392e+00 
   7    0   -6.862288781e+00 
   7    3    5.809159174e+00 
   7    4   -5.593665372e+00 
   7    5   -4.026402973e+00 
   7    6    5.774031953e+00 
   7    7    7.145154826e+00 
   7    8   -3.881446596e+00 
   7    9   -9.375864061e-01 
   7   10    1.690068813e+00 
   7   11    9.424376351e-01 
   7   13   -5.507941541e+00 
   7   14    4.104752557e-01 
   7   15    7.753073486e+00 
   8    0   -1.723636303e+00 
   8    1   -7.571967357e+00 
   8    2   -8.006392352e+00 
   8    3   -4.158196199e+00 
   8    4   -8.861526582e+00 
   8    5    2.946851599e+00 
   8    6   -9.148960441e+00 
   8    7   -3.093392762e+00 
   8    8   -9.856501390e+00 
   8    9   -3.397683738e-01 
   8   10   -3.433401721e+00 
   8   11    5.627469141e+00 
   8   12   -1.518742873e+00 
   8   13   -6.330555315e+00 
   8   14   -6.749566893e-01 
   8   15   -7.990644122e+00 
   9    0   -6.790908333e+00 
   9    2   -9.911123198e+00 
   9    3   -4.908923442e-01 
   9    6   -2.047486544e+00 
   9    7    9.943289631e+00 
   9    8    8.308574766e+00 
   9   12   -1.308611921e+00 
   9   13    5.611774818e+00 
   9   14   -7.721613401e+00 
   9   15   -5.532825090e+00 
  10    0   -3.595869381e+00 
  10    1    7.046534938e+00 
  10    5    3.917077080e-01 
  10    6   -3.207845649e+00 
  10    7   -1.550804998e+00 
  10    8    1.827793550e+00 
  10    9   -1.185894804e+00 
  10   10    9.997667067e+00 
  10   11    9.690008003e+00 
  10   12   -5.275075276e+00 
  10   15    1.692879443e+00 
  11    0   -9.649302247e+00 
  11    2    2.931213558e+00 
  11    3   -3.347494846e+00 
  11    4   -1.168664896e+00 
  11    5   -3.600138870e+00 
  11    6   -6.190443927e+00 
  11    7   -2.709050557e+00 
  11   10    8.330893882e+00 
  11   11    7.403658986e+00 
  11   12    2.739668339e+00 
  11   13   -1.413573798e+00 
  11   14    4.148729766e+00 
  11   15   -3.510395848e+00 
  12    0    2.261648006e+00 
  12    1    3.356065574e+00 
  12    2   -1.996493751e+00 
  12    3   -5.678432912e+00 
  12    4   -4.905526247e+00 
  12    5    7.472046403e+00 
  12    6    9.411181464e+00 
  12    7    1.529832684e-01 
  12   12    2.811571022e-01 
  12   13   -4.077067365e+00 
  12   14   -1.052722143e+00 
  12   15    1.755252761e-01 
  13    1    9.732952625e+00 
  13    3   -4.767733063e+00 
  13    4    6.828258239e+00 
  13    5   -7.412687766e+00 
  13    6    4.890280626e+00 
  13    7   -9.640857123e+00 
  13   10   -5.257733374e+00 
  13   11    8.932134947e+00 
  13   12    7.313025939e+00 
  13   13   -8.310840333e+00 
  13   15   -9.025327462e+00 
  14    0    4.219154670e+00 
  14    1    8.156966283e+00 
  14    3    5.452379851e+00 
  14    4    9.122328497e+00 
  14    5   -2.172796710e+00 
  14    6    9.590320114e+00 
  14    7    6.857909446e+00 
  14    8   -1.570726228e-01 
  14   13   -7.798619230e+00 
  14   14    2.419595548e+00 
  14   15    2.272375637e+00 
  15    0   -5.833845844e+00 
  15    1    4.538165973e+00 
  15    4   -3.887511926e+00 
  15    5   -6.762413115e+00 
  15    6    5.605750572e+00 
  15    7   -6.009237352e+00 
  15    8   -5.012028840e+00 
  15    9   -5.726748796e+00 
  15   10    1.531282646e+00 
  15   11    1.429336417e+00 
  15   12    1.714564590e+00 
  15   13    3.018094443e+00 
  15   14    7.304440192e+00 
  15   15    8.842176289e+00 
 12 
   1   -7.895895978e+00 
   2   -7.581526593e+00 
   3    1.614827988e-01 
   4   -2.680427227e+00 
   5    4.503033847e+00 
   6   -3.428194946e-01 
   7   -2.333252289e+00 
   8   -5.488419926e+00 
   9   -6.810117192e+00 
  11   -9.811012287e+00 
  14   -2.551147728e-01 
  15   -8.927834229e+00 
