inf
   0     255               0
   0  11111111  00000000000000000000000
3.402823e+38
   0     254               8388607
   0  11111110  11111111111111111111111
1.000000e+00
   0     127               0
   0  01111111  00000000000000000000000
1.175494e-38
   0     1               0
   0  00000001  00000000000000000000000
1.175494e-38
   0     0               8388607
   0  00000000  11111111111111111111111
1.401298e-45
   0     0               1
   0  00000000  00000000000000000000001
0.000000e+00
   0     0               0
   0  00000000  00000000000000000000000
-0.000000e+00
   1     0               0
   1  00000000  00000000000000000000000
-1.401298e-45
   1     0               1
   1  00000000  00000000000000000000001
-1.175494e-38
   1     0               8388607
   1  00000000  11111111111111111111111
-1.175494e-38
   1     1               0
   1  00000001  00000000000000000000000
-1.000000e+00
   1     127               0
   1  01111111  00000000000000000000000
-3.402823e+38
   1     254               8388607
   1  11111110  11111111111111111111111
-inf
   1     255               0
   1  11111111  00000000000000000000000
nan
   0     255               4194303
   0  11111111  01111111111111111111111
nan
   0     255               4194304
   0  11111111  10000000000000000000000
-nan
   1     255               4194304
   1  11111111  10000000000000000000000
